DQN 训练过程记录

episode | return | success | avg_return(window) | avg_success(window)
001 | -0.5500 | 0 | -0.5500 | 0.0000
002 | -1.0400 | 0 | -0.7950 | 0.0000
003 | +0.9000 | 1 | -0.2300 | 0.3333
004 | -0.5500 | 0 | -0.3100 | 0.2500
005 | -0.5500 | 0 | -0.3580 | 0.2000
006 | +0.7000 | 1 | -0.1817 | 0.3333
007 | +0.8200 | 1 | -0.0386 | 0.4286
008 | +0.7800 | 1 | +0.0637 | 0.5000
009 | +0.9400 | 1 | +0.1611 | 0.5556
010 | -0.5500 | 0 | +0.0900 | 0.5000
011 | -0.5500 | 0 | +0.0318 | 0.4545
012 | +0.7200 | 1 | +0.0892 | 0.5000
013 | -0.5500 | 0 | +0.0400 | 0.4615
014 | +0.9400 | 1 | +0.1043 | 0.5000
015 | +0.9800 | 1 | +0.1627 | 0.5333
016 | +0.9400 | 1 | +0.2112 | 0.5625
017 | +0.8000 | 1 | +0.2459 | 0.5882
018 | +0.9800 | 1 | +0.2867 | 0.6111
019 | -1.2200 | 0 | +0.2074 | 0.5789
020 | -1.2600 | 0 | +0.1340 | 0.5500
021 | +0.9200 | 1 | +0.2075 | 0.6000
022 | -1.0200 | 0 | +0.2085 | 0.6000
023 | -0.5500 | 0 | +0.1360 | 0.5500
024 | -0.5500 | 0 | +0.1360 | 0.5500
025 | -0.5500 | 0 | +0.1360 | 0.5500
026 | -0.5500 | 0 | +0.0735 | 0.5000
027 | +0.7000 | 1 | +0.0675 | 0.5000
028 | -0.5500 | 0 | +0.0010 | 0.4500
029 | -0.5500 | 0 | -0.0735 | 0.4000
030 | -0.5500 | 0 | -0.0735 | 0.4000
031 | -0.5500 | 0 | -0.0735 | 0.4000
032 | -0.5500 | 0 | -0.1370 | 0.3500
033 | -1.2600 | 0 | -0.1725 | 0.3500
034 | +0.7000 | 1 | -0.1845 | 0.3500
035 | +0.9200 | 1 | -0.1875 | 0.3500
036 | +0.8800 | 1 | -0.1905 | 0.3500
037 | +0.9000 | 1 | -0.1855 | 0.3500
038 | +0.8200 | 1 | -0.1935 | 0.3500
039 | -0.5500 | 0 | -0.1600 | 0.3500
040 | -1.1000 | 0 | -0.1520 | 0.3500
041 | -0.5500 | 0 | -0.2255 | 0.3000
042 | +0.9600 | 1 | -0.1265 | 0.3500
043 | -1.3000 | 0 | -0.1640 | 0.3500
044 | +0.9000 | 1 | -0.0915 | 0.4000
045 | +0.7200 | 1 | -0.0280 | 0.4500
046 | +0.9000 | 1 | +0.0445 | 0.5000
047 | -1.0600 | 0 | -0.0435 | 0.4500
048 | +0.9200 | 1 | +0.0300 | 0.5000
049 | +0.7800 | 1 | +0.0965 | 0.5500
050 | +0.7200 | 1 | +0.1600 | 0.6000
051 | -0.5500 | 0 | +0.1600 | 0.6000
052 | -1.2200 | 0 | +0.1265 | 0.6000
053 | +0.7200 | 1 | +0.2255 | 0.6500
054 | +0.9600 | 1 | +0.2385 | 0.6500
055 | -1.0200 | 0 | +0.1415 | 0.6000
056 | +0.8200 | 1 | +0.1385 | 0.6000
057 | +0.8600 | 1 | +0.1365 | 0.6000
058 | +0.9000 | 1 | +0.1405 | 0.6000
059 | +0.9600 | 1 | +0.2160 | 0.6500
060 | -0.5500 | 0 | +0.2435 | 0.6500
061 | -1.1400 | 0 | +0.2140 | 0.6500
062 | -0.5500 | 0 | +0.1385 | 0.6000
063 | +0.9200 | 1 | +0.2495 | 0.6500
064 | -0.5500 | 0 | +0.1770 | 0.6000
065 | -1.1800 | 0 | +0.0820 | 0.5500
066 | +0.7400 | 1 | +0.0740 | 0.5500
067 | +0.8600 | 1 | +0.1700 | 0.6000
068 | +0.8000 | 1 | +0.1640 | 0.6000
069 | +0.9400 | 1 | +0.1720 | 0.6000
070 | -0.5500 | 0 | +0.1085 | 0.5500
071 | +0.9400 | 1 | +0.1830 | 0.6000
072 | -1.0200 | 0 | +0.1930 | 0.6000
073 | +0.7000 | 1 | +0.1920 | 0.6000
074 | -0.5500 | 0 | +0.1165 | 0.5500
075 | +0.9400 | 1 | +0.2145 | 0.6000
076 | +0.9000 | 1 | +0.2185 | 0.6000
077 | +0.9200 | 1 | +0.2215 | 0.6000
078 | -0.5500 | 0 | +0.1490 | 0.5500
079 | -0.5500 | 0 | +0.0735 | 0.5000
080 | +0.9600 | 1 | +0.1490 | 0.5500
081 | +0.9200 | 1 | +0.2520 | 0.6000
082 | +0.9200 | 1 | +0.3255 | 0.6500
083 | -0.5500 | 0 | +0.2520 | 0.6000
084 | +0.9600 | 1 | +0.3275 | 0.6500
085 | +0.9400 | 1 | +0.4335 | 0.7000
086 | +0.8800 | 1 | +0.4405 | 0.7000
087 | +0.8400 | 1 | +0.4395 | 0.7000
088 | +0.9400 | 1 | +0.4465 | 0.7000
089 | +0.8400 | 1 | +0.4415 | 0.7000
090 | +0.9600 | 1 | +0.5170 | 0.7500
091 | +0.8800 | 1 | +0.5140 | 0.7500
092 | +0.9800 | 1 | +0.6140 | 0.8000
093 | +0.8400 | 1 | +0.6210 | 0.8000
094 | +0.8800 | 1 | +0.6925 | 0.8500
095 | +0.8200 | 1 | +0.6865 | 0.8500
096 | +0.9000 | 1 | +0.6865 | 0.8500
097 | +0.8000 | 1 | +0.6805 | 0.8500
098 | +0.9000 | 1 | +0.7530 | 0.9000
099 | +0.9600 | 1 | +0.8285 | 0.9500
100 | +0.9000 | 1 | +0.8255 | 0.9500
101 | +0.9800 | 1 | +0.8285 | 0.9500
102 | +0.9400 | 1 | +0.8295 | 0.9500
103 | -0.5500 | 0 | +0.8295 | 0.9500
104 | +0.9200 | 1 | +0.8275 | 0.9500
105 | +0.9200 | 1 | +0.8265 | 0.9500
106 | +0.9400 | 1 | +0.8295 | 0.9500
107 | +0.9200 | 1 | +0.8335 | 0.9500
108 | -0.5500 | 0 | +0.7590 | 0.9000
109 | +0.8200 | 1 | +0.7580 | 0.9000
110 | +0.8400 | 1 | +0.7520 | 0.9000
111 | +0.8000 | 1 | +0.7480 | 0.9000
112 | +0.9600 | 1 | +0.7470 | 0.9000
113 | +0.7800 | 1 | +0.7440 | 0.9000
114 | +0.8000 | 1 | +0.7400 | 0.9000
115 | +0.9600 | 1 | +0.7470 | 0.9000
116 | +0.8000 | 1 | +0.7420 | 0.9000
117 | +0.8200 | 1 | +0.7430 | 0.9000
118 | +0.8800 | 1 | +0.7420 | 0.9000
119 | +0.8200 | 1 | +0.7350 | 0.9000
120 | +0.8400 | 1 | +0.7320 | 0.9000
121 | +0.8600 | 1 | +0.7260 | 0.9000
122 | +0.9800 | 1 | +0.7280 | 0.9000
123 | +0.8800 | 1 | +0.7995 | 0.9500
124 | +0.9600 | 1 | +0.8015 | 0.9500
125 | +0.8400 | 1 | +0.7975 | 0.9500
126 | +0.9600 | 1 | +0.7985 | 0.9500
127 | +0.9600 | 1 | +0.8005 | 0.9500
128 | +0.9200 | 1 | +0.8740 | 1.0000
129 | +0.9200 | 1 | +0.8790 | 1.0000
130 | +0.9200 | 1 | +0.8830 | 1.0000
131 | +0.9800 | 1 | +0.8920 | 1.0000
132 | +0.9000 | 1 | +0.8890 | 1.0000
133 | +0.9800 | 1 | +0.8990 | 1.0000
134 | +0.8600 | 1 | +0.9020 | 1.0000
135 | +0.9200 | 1 | +0.9000 | 1.0000
136 | +0.8000 | 1 | +0.9000 | 1.0000
137 | +0.9200 | 1 | +0.9050 | 1.0000
138 | +0.9800 | 1 | +0.9100 | 1.0000
139 | +0.9200 | 1 | +0.9150 | 1.0000
140 | +0.8400 | 1 | +0.9150 | 1.0000
141 | +0.9400 | 1 | +0.9190 | 1.0000
142 | +0.9600 | 1 | +0.9180 | 1.0000
143 | +0.9000 | 1 | +0.9190 | 1.0000
144 | +0.9800 | 1 | +0.9200 | 1.0000
145 | +0.9400 | 1 | +0.9250 | 1.0000
146 | +0.9800 | 1 | +0.9260 | 1.0000
147 | +0.9200 | 1 | +0.9240 | 1.0000
148 | +0.9600 | 1 | +0.9260 | 1.0000
149 | +0.7800 | 1 | +0.9190 | 1.0000
150 | +0.9200 | 1 | +0.9190 | 1.0000
151 | +0.9400 | 1 | +0.9170 | 1.0000
152 | +0.8800 | 1 | +0.9160 | 1.0000
153 | +0.9400 | 1 | +0.9140 | 1.0000
154 | +0.9600 | 1 | +0.9190 | 1.0000
155 | +0.9600 | 1 | +0.9210 | 1.0000
156 | +0.9200 | 1 | +0.9270 | 1.0000
157 | +0.9200 | 1 | +0.9270 | 1.0000
158 | +0.9200 | 1 | +0.9240 | 1.0000
159 | +0.9800 | 1 | +0.9270 | 1.0000
160 | +0.9000 | 1 | +0.9300 | 1.0000
161 | +0.9400 | 1 | +0.9300 | 1.0000
162 | +0.9200 | 1 | +0.9280 | 1.0000
163 | +0.9000 | 1 | +0.9280 | 1.0000
164 | +0.9200 | 1 | +0.9250 | 1.0000
165 | +0.9400 | 1 | +0.9250 | 1.0000
166 | +0.9000 | 1 | +0.9210 | 1.0000
167 | +0.9400 | 1 | +0.9220 | 1.0000
168 | +0.9600 | 1 | +0.9220 | 1.0000
169 | +0.9800 | 1 | +0.9320 | 1.0000
170 | +0.9000 | 1 | +0.9310 | 1.0000
171 | +0.9600 | 1 | +0.9320 | 1.0000
172 | +0.9400 | 1 | +0.9350 | 1.0000
173 | +0.9400 | 1 | +0.9350 | 1.0000
174 | +0.9800 | 1 | +0.9360 | 1.0000
175 | +0.9600 | 1 | +0.9360 | 1.0000
176 | +0.9800 | 1 | +0.9390 | 1.0000
177 | +0.9000 | 1 | +0.9380 | 1.0000
178 | +0.9000 | 1 | +0.9370 | 1.0000
179 | +0.9800 | 1 | +0.9370 | 1.0000
180 | +0.8800 | 1 | +0.9360 | 1.0000
181 | +0.9600 | 1 | +0.9370 | 1.0000
182 | +0.9400 | 1 | +0.9380 | 1.0000
183 | +0.9400 | 1 | +0.9400 | 1.0000
184 | +0.9200 | 1 | +0.9400 | 1.0000
185 | +0.9000 | 1 | +0.9380 | 1.0000
186 | +0.9800 | 1 | +0.9420 | 1.0000
187 | +0.9200 | 1 | +0.9410 | 1.0000
188 | +0.9200 | 1 | +0.9390 | 1.0000
189 | +0.9400 | 1 | +0.9370 | 1.0000
190 | +0.9000 | 1 | +0.9370 | 1.0000
191 | +0.9800 | 1 | +0.9380 | 1.0000
192 | +0.9000 | 1 | +0.9360 | 1.0000
193 | +0.9600 | 1 | +0.9370 | 1.0000
194 | +0.9400 | 1 | +0.9350 | 1.0000
195 | +0.9400 | 1 | +0.9340 | 1.0000
196 | +0.9400 | 1 | +0.9320 | 1.0000
197 | +0.9200 | 1 | +0.9330 | 1.0000
198 | +0.9000 | 1 | +0.9330 | 1.0000
199 | +0.8600 | 1 | +0.9270 | 1.0000
200 | +0.9800 | 1 | +0.9320 | 1.0000
201 | +0.9000 | 1 | +0.9290 | 1.0000
202 | +0.9600 | 1 | +0.9300 | 1.0000
203 | +0.9800 | 1 | +0.9320 | 1.0000
204 | +0.9400 | 1 | +0.9330 | 1.0000
205 | +0.9800 | 1 | +0.9370 | 1.0000
206 | +0.9000 | 1 | +0.9330 | 1.0000
207 | +0.9800 | 1 | +0.9360 | 1.0000
208 | +0.9000 | 1 | +0.9350 | 1.0000
209 | +0.8600 | 1 | +0.9310 | 1.0000
210 | +0.8600 | 1 | +0.9290 | 1.0000
211 | +0.9800 | 1 | +0.9290 | 1.0000
212 | +0.9600 | 1 | +0.9320 | 1.0000
213 | +0.9000 | 1 | +0.9290 | 1.0000
214 | +0.9600 | 1 | +0.9300 | 1.0000
215 | +0.9600 | 1 | +0.9310 | 1.0000
216 | +0.9600 | 1 | +0.9320 | 1.0000
217 | +0.9800 | 1 | +0.9350 | 1.0000
218 | +0.9200 | 1 | +0.9360 | 1.0000
219 | +0.9400 | 1 | +0.9400 | 1.0000
220 | +0.9600 | 1 | +0.9390 | 1.0000
221 | +0.9000 | 1 | +0.9390 | 1.0000
222 | +0.9000 | 1 | +0.9360 | 1.0000
223 | +0.9200 | 1 | +0.9330 | 1.0000
224 | +0.8600 | 1 | +0.9290 | 1.0000
225 | +0.9800 | 1 | +0.9290 | 1.0000
226 | +0.9000 | 1 | +0.9290 | 1.0000
227 | +0.9400 | 1 | +0.9270 | 1.0000
228 | +0.9600 | 1 | +0.9300 | 1.0000
229 | +0.9400 | 1 | +0.9340 | 1.0000
230 | +0.9600 | 1 | +0.9390 | 1.0000
231 | +0.9000 | 1 | +0.9350 | 1.0000
232 | +0.9200 | 1 | +0.9330 | 1.0000
233 | +0.9200 | 1 | +0.9340 | 1.0000
234 | +0.9400 | 1 | +0.9330 | 1.0000
235 | +0.9200 | 1 | +0.9310 | 1.0000
236 | +0.9600 | 1 | +0.9310 | 1.0000
237 | +0.9200 | 1 | +0.9280 | 1.0000
238 | +0.9800 | 1 | +0.9310 | 1.0000
239 | +0.9400 | 1 | +0.9310 | 1.0000
240 | +0.9600 | 1 | +0.9310 | 1.0000
241 | +0.9400 | 1 | +0.9330 | 1.0000
242 | +0.9600 | 1 | +0.9360 | 1.0000
243 | +0.8800 | 1 | +0.9340 | 1.0000
244 | +0.9000 | 1 | +0.9360 | 1.0000
245 | +0.9200 | 1 | +0.9330 | 1.0000
246 | +0.9200 | 1 | +0.9340 | 1.0000
247 | +0.9600 | 1 | +0.9350 | 1.0000
248 | +0.9200 | 1 | +0.9330 | 1.0000
249 | +0.9000 | 1 | +0.9310 | 1.0000
250 | +0.9800 | 1 | +0.9320 | 1.0000
251 | +0.9200 | 1 | +0.9330 | 1.0000
252 | +0.9400 | 1 | +0.9340 | 1.0000
253 | +0.9600 | 1 | +0.9360 | 1.0000
254 | +0.9000 | 1 | +0.9340 | 1.0000
255 | +0.9000 | 1 | +0.9330 | 1.0000
256 | +0.9400 | 1 | +0.9320 | 1.0000
257 | +0.9800 | 1 | +0.9350 | 1.0000
258 | +0.9800 | 1 | +0.9350 | 1.0000
259 | +0.9800 | 1 | +0.9370 | 1.0000
260 | +0.9800 | 1 | +0.9380 | 1.0000