策略梯度训练过程记录

episode | return | success | avg_return(window) | avg_success(window)
001 | -0.1594 | 0 | -0.1594 | 0.0000
002 | +1.9446 | 0 | +0.8926 | 0.0000
003 | +0.2939 | 0 | +0.6931 | 0.0000
004 | +0.0600 | 0 | +0.5348 | 0.0000
005 | +2.2834 | 0 | +0.8845 | 0.0000
006 | +1.5148 | 0 | +0.9896 | 0.0000
007 | +1.9210 | 0 | +1.1226 | 0.0000
008 | +0.5167 | 0 | +1.0469 | 0.0000
009 | +1.3694 | 0 | +1.0827 | 0.0000
010 | +0.3404 | 0 | +1.0085 | 0.0000
011 | +0.1354 | 0 | +0.9291 | 0.0000
012 | +1.0621 | 0 | +0.9402 | 0.0000
013 | +0.2534 | 0 | +0.8874 | 0.0000
014 | +1.5874 | 0 | +0.9374 | 0.0000
015 | +0.2617 | 0 | +0.8923 | 0.0000
016 | +1.5108 | 0 | +0.9310 | 0.0000
017 | +2.0455 | 0 | +0.9965 | 0.0000
018 | +2.2362 | 0 | +1.0654 | 0.0000
019 | +1.1364 | 0 | +1.0691 | 0.0000
020 | +1.2785 | 0 | +1.0796 | 0.0000
021 | +1.4970 | 0 | +1.1624 | 0.0000
022 | +2.2101 | 0 | +1.1757 | 0.0000
023 | +2.4057 | 0 | +1.2813 | 0.0000
024 | +2.4451 | 0 | +1.4005 | 0.0000
025 | +1.6873 | 0 | +1.3707 | 0.0000
026 | +1.4637 | 0 | +1.3682 | 0.0000
027 | +2.1810 | 0 | +1.3812 | 0.0000
028 | +0.9408 | 0 | +1.4024 | 0.0000
029 | +2.3832 | 0 | +1.4531 | 0.0000
030 | +1.5471 | 0 | +1.5134 | 0.0000
031 | +0.1644 | 0 | +1.5149 | 0.0000
032 | +1.5116 | 0 | +1.5373 | 0.0000
033 | -0.0520 | 0 | +1.5221 | 0.0000
034 | +1.2697 | 0 | +1.5062 | 0.0000
035 | +1.8685 | 0 | +1.5865 | 0.0000
036 | +1.9389 | 0 | +1.6079 | 0.0000
037 | +1.0782 | 0 | +1.5596 | 0.0000
038 | +0.4613 | 0 | +1.4708 | 0.0000
039 | +0.8890 | 0 | +1.4584 | 0.0000
040 | +2.0213 | 0 | +1.4956 | 0.0000
041 | +0.1200 | 0 | +1.4267 | 0.0000
042 | +1.5349 | 0 | +1.3930 | 0.0000
043 | +1.3423 | 0 | +1.3398 | 0.0000
044 | -0.2134 | 0 | +1.2069 | 0.0000
045 | +2.2154 | 0 | +1.2333 | 0.0000
046 | +1.6650 | 0 | +1.2433 | 0.0000
047 | -0.3153 | 0 | +1.1185 | 0.0000
048 | +2.6659 | 0 | +1.2048 | 0.0000
049 | +0.4707 | 0 | +1.1092 | 0.0000
050 | -0.4207 | 0 | +1.0108 | 0.0000
051 | +2.9058 | 0 | +1.1478 | 0.0000
052 | -0.3303 | 0 | +1.0557 | 0.0000
053 | +1.2202 | 0 | +1.1194 | 0.0000
054 | +2.1942 | 0 | +1.1656 | 0.0000
055 | +0.6373 | 0 | +1.1040 | 0.0000
056 | +0.7388 | 0 | +1.0440 | 0.0000
057 | +1.1211 | 0 | +1.0462 | 0.0000
058 | -0.4273 | 0 | +1.0017 | 0.0000
059 | +2.0849 | 0 | +1.0615 | 0.0000
060 | +0.6237 | 0 | +0.9917 | 0.0000
061 | +0.8383 | 0 | +1.0276 | 0.0000
062 | -0.0989 | 0 | +0.9459 | 0.0000
063 | +2.0342 | 0 | +0.9805 | 0.0000
064 | +2.4201 | 0 | +1.1121 | 0.0000
065 | +0.2681 | 0 | +1.0148 | 0.0000
066 | +2.0230 | 0 | +1.0327 | 0.0000
067 | +1.0236 | 0 | +1.0996 | 0.0000
068 | +2.1888 | 0 | +1.0758 | 0.0000
069 | +1.9983 | 0 | +1.1522 | 0.0000
070 | +1.6169 | 0 | +1.2540 | 0.0000
071 | +1.2367 | 0 | +1.1706 | 0.0000
072 | +2.0027 | 0 | +1.2872 | 0.0000
073 | +0.9086 | 0 | +1.2717 | 0.0000
074 | +1.5050 | 0 | +1.2372 | 0.0000
075 | +2.5705 | 0 | +1.3339 | 0.0000
076 | +0.5047 | 0 | +1.3222 | 0.0000
077 | +1.6857 | 0 | +1.3504 | 0.0000
078 | +5.0270 | 1 | +1.6231 | 0.0500
079 | +1.6446 | 0 | +1.6011 | 0.0500
080 | +2.8242 | 0 | +1.7111 | 0.0500
081 | +2.5174 | 0 | +1.7951 | 0.0500
082 | +2.3343 | 0 | +1.9167 | 0.0500
083 | +0.2948 | 0 | +1.8298 | 0.0500
084 | +2.4948 | 0 | +1.8335 | 0.0500
085 | +2.7352 | 0 | +1.9568 | 0.0500
086 | +0.4496 | 0 | +1.8782 | 0.0500
087 | +1.6311 | 0 | +1.9085 | 0.0500
088 | +0.6704 | 0 | +1.8326 | 0.0500
089 | +2.9190 | 0 | +1.8787 | 0.0500
090 | +2.1734 | 0 | +1.9065 | 0.0500
091 | +1.2287 | 0 | +1.9061 | 0.0500
092 | +1.0851 | 0 | +1.8602 | 0.0500
093 | +1.9084 | 0 | +1.9102 | 0.0500
094 | +1.2317 | 0 | +1.8965 | 0.0500
095 | +2.1802 | 0 | +1.8770 | 0.0500
096 | +2.2944 | 0 | +1.9665 | 0.0500
097 | +1.3927 | 0 | +1.9519 | 0.0500
098 | +1.2501 | 0 | +1.7630 | 0.0000
099 | +1.1464 | 0 | +1.7381 | 0.0000
100 | +0.5064 | 0 | +1.6222 | 0.0000
101 | +0.5712 | 0 | +1.5249 | 0.0000
102 | +0.8878 | 0 | +1.4526 | 0.0000
103 | +1.6528 | 0 | +1.5205 | 0.0000
104 | +1.5600 | 0 | +1.4737 | 0.0000
105 | +0.8860 | 0 | +1.3813 | 0.0000
106 | +2.6519 | 0 | +1.4914 | 0.0000
107 | +1.2552 | 0 | +1.4726 | 0.0000
108 | +0.9843 | 0 | +1.4883 | 0.0000
109 | +1.7018 | 0 | +1.4274 | 0.0000
110 | +1.8554 | 0 | +1.4115 | 0.0000
111 | +0.3945 | 0 | +1.3698 | 0.0000
112 | +1.9249 | 0 | +1.4118 | 0.0000
113 | +3.0934 | 0 | +1.4711 | 0.0000
114 | +1.8466 | 0 | +1.5018 | 0.0000
115 | +2.3660 | 0 | +1.5111 | 0.0000
116 | +2.4469 | 0 | +1.5187 | 0.0000
117 | +1.5448 | 0 | +1.5263 | 0.0000
118 | +2.6352 | 0 | +1.5956 | 0.0000
119 | +0.8975 | 0 | +1.5831 | 0.0000
120 | +1.6030 | 0 | +1.6380 | 0.0000
121 | +1.9338 | 0 | +1.7061 | 0.0000
122 | +1.6428 | 0 | +1.7438 | 0.0000
123 | +2.1345 | 0 | +1.7679 | 0.0000
124 | +1.7901 | 0 | +1.7794 | 0.0000
125 | +1.4316 | 0 | +1.8067 | 0.0000
126 | +2.3065 | 0 | +1.7894 | 0.0000
127 | +2.7367 | 0 | +1.8635 | 0.0000
128 | +0.6140 | 0 | +1.8450 | 0.0000
129 | +3.0247 | 0 | +1.9112 | 0.0000
130 | +2.5696 | 0 | +1.9469 | 0.0000
131 | +0.9050 | 0 | +1.9724 | 0.0000
132 | +2.3547 | 0 | +1.9939 | 0.0000
133 | +1.3578 | 0 | +1.9071 | 0.0000
134 | +4.0406 | 1 | +2.0168 | 0.0500
135 | +3.8033 | 1 | +2.0887 | 0.1000
136 | +1.0235 | 0 | +2.0175 | 0.1000
137 | +1.8654 | 0 | +2.0335 | 0.1000
138 | +2.6942 | 0 | +2.0365 | 0.1000
139 | +2.5180 | 0 | +2.1175 | 0.1000
140 | +4.6318 | 1 | +2.2689 | 0.1500
141 | +1.3712 | 0 | +2.2408 | 0.1500
142 | +3.8902 | 1 | +2.3532 | 0.2000
143 | +2.2361 | 0 | +2.3583 | 0.2000
144 | +1.1905 | 0 | +2.3283 | 0.2000
145 | +2.3081 | 0 | +2.3721 | 0.2000
146 | +2.6909 | 0 | +2.3913 | 0.2000
147 | +4.0430 | 1 | +2.4566 | 0.2500
148 | +3.7307 | 1 | +2.6125 | 0.3000
149 | +4.5384 | 1 | +2.6882 | 0.3500
150 | +5.0640 | 1 | +2.8129 | 0.4000
151 | +3.3340 | 1 | +2.9343 | 0.4500
152 | +3.6992 | 1 | +3.0016 | 0.5000
153 | +5.1955 | 1 | +3.1934 | 0.5500
154 | +4.7643 | 1 | +3.2296 | 0.5500
155 | +3.7100 | 1 | +3.2250 | 0.5500
156 | +1.2410 | 0 | +3.2358 | 0.5500
157 | +2.6892 | 0 | +3.2770 | 0.5500
158 | +1.4086 | 0 | +3.2127 | 0.5500
159 | +4.6000 | 1 | +3.3168 | 0.6000
160 | +5.0519 | 1 | +3.3378 | 0.6000
161 | +3.4342 | 1 | +3.4410 | 0.6500
162 | +3.6582 | 1 | +3.4294 | 0.6500
163 | +3.0585 | 0 | +3.4705 | 0.6500
164 | +4.6215 | 1 | +3.6421 | 0.7000
165 | +3.6133 | 1 | +3.7073 | 0.7500
166 | +3.6045 | 1 | +3.7530 | 0.8000
167 | +1.6045 | 0 | +3.6311 | 0.7500
168 | +3.4045 | 1 | +3.6148 | 0.7500
169 | +4.8182 | 1 | +3.6288 | 0.7500
170 | +4.3308 | 1 | +3.5921 | 0.7500
171 | +3.6487 | 1 | +3.6078 | 0.7500
172 | +3.0979 | 0 | +3.5778 | 0.7000
173 | +4.6685 | 1 | +3.5514 | 0.7000
174 | +3.3427 | 1 | +3.4803 | 0.7000
175 | +4.1229 | 1 | +3.5010 | 0.7000
176 | +3.2417 | 1 | +3.6010 | 0.7500
177 | +3.3318 | 1 | +3.6331 | 0.8000
178 | +3.3734 | 1 | +3.7314 | 0.8500
179 | +3.2955 | 1 | +3.6662 | 0.8500
180 | +5.0364 | 1 | +3.6654 | 0.8500
181 | +3.6830 | 1 | +3.6778 | 0.8500
182 | +4.1320 | 1 | +3.7015 | 0.8500
183 | +4.6001 | 1 | +3.7786 | 0.9000
184 | +4.8444 | 1 | +3.7897 | 0.9000
185 | +5.3749 | 1 | +3.8778 | 0.9000
186 | +4.1726 | 1 | +3.9062 | 0.9000
187 | +3.8361 | 1 | +4.0178 | 0.9500
188 | +4.6552 | 1 | +4.0803 | 0.9500
189 | +4.0177 | 1 | +4.0403 | 0.9500
190 | +2.4156 | 0 | +3.9446 | 0.9000
191 | +3.8729 | 1 | +3.9558 | 0.9000
192 | +4.6175 | 1 | +4.0317 | 0.9500
193 | +4.4809 | 1 | +4.0224 | 0.9500
194 | +2.9076 | 0 | +4.0006 | 0.9000
195 | +3.3501 | 1 | +3.9620 | 0.9000
196 | +3.4678 | 1 | +3.9733 | 0.9000
197 | +2.7147 | 0 | +3.9424 | 0.8500
198 | +5.3402 | 1 | +4.0408 | 0.8500
199 | +4.3599 | 1 | +4.0940 | 0.8500
200 | +3.9725 | 1 | +4.0408 | 0.8500
201 | +4.4115 | 1 | +4.0772 | 0.8500
202 | +2.1304 | 0 | +3.9771 | 0.8000
203 | +3.7838 | 1 | +3.9363 | 0.8000
204 | +2.3167 | 0 | +3.8099 | 0.7500
205 | +1.7946 | 0 | +3.6309 | 0.7000
206 | +3.6357 | 1 | +3.6041 | 0.7000
207 | +3.7438 | 1 | +3.5994 | 0.7000
208 | +4.8081 | 1 | +3.6071 | 0.7000
209 | +4.7897 | 1 | +3.6457 | 0.7000
210 | +3.4746 | 1 | +3.6986 | 0.7500
211 | +4.4976 | 1 | +3.7299 | 0.7500
212 | +4.8792 | 1 | +3.7430 | 0.7500
213 | +4.3909 | 1 | +3.7385 | 0.7500
214 | +4.0301 | 1 | +3.7946 | 0.8000
215 | +3.7568 | 1 | +3.8149 | 0.8000
216 | +5.1337 | 1 | +3.8982 | 0.8000
217 | +5.0005 | 1 | +4.0125 | 0.8500
218 | +4.3258 | 1 | +3.9618 | 0.8500
219 | +4.7421 | 1 | +3.9809 | 0.8500
220 | +4.4082 | 1 | +4.0027 | 0.8500
221 | +4.0316 | 1 | +3.9837 | 0.8500
222 | +4.0595 | 1 | +4.0802 | 0.9000
223 | +3.5156 | 1 | +4.0668 | 0.9000
224 | +3.7513 | 1 | +4.1385 | 0.9500
225 | +3.5909 | 1 | +4.2283 | 1.0000
226 | +3.3633 | 1 | +4.2147 | 1.0000
227 | +4.3815 | 1 | +4.2466 | 1.0000
228 | +4.8586 | 1 | +4.2491 | 1.0000
229 | +3.8346 | 1 | +4.2013 | 1.0000
230 | +3.9116 | 1 | +4.2232 | 1.0000
231 | +5.1413 | 1 | +4.2554 | 1.0000
232 | +4.7596 | 1 | +4.2494 | 1.0000
233 | +4.2613 | 1 | +4.2429 | 1.0000
234 | +4.9669 | 1 | +4.2897 | 1.0000
235 | +3.9635 | 1 | +4.3001 | 1.0000
236 | +4.4027 | 1 | +4.2635 | 1.0000
237 | +2.3608 | 0 | +4.1315 | 0.9500
238 | +4.4319 | 1 | +4.1368 | 0.9500
239 | +4.2215 | 1 | +4.1108 | 0.9500
240 | +3.4860 | 1 | +4.0647 | 0.9500
241 | +4.4306 | 1 | +4.0847 | 0.9500
242 | +4.5789 | 1 | +4.1106 | 0.9500
243 | +3.6507 | 1 | +4.1174 | 0.9500
244 | +4.5203 | 1 | +4.1558 | 0.9500
245 | +4.1633 | 1 | +4.1845 | 0.9500
246 | +4.9863 | 1 | +4.2656 | 0.9500
247 | +4.3971 | 1 | +4.2664 | 0.9500
248 | +4.5987 | 1 | +4.2534 | 0.9500
249 | +4.5062 | 1 | +4.2870 | 0.9500
250 | +4.2688 | 1 | +4.3048 | 0.9500
251 | +4.0072 | 1 | +4.2481 | 0.9500
252 | +4.5237 | 1 | +4.2363 | 0.9500
253 | +5.2749 | 1 | +4.2870 | 0.9500
254 | +5.0347 | 1 | +4.2904 | 0.9500
255 | +5.3044 | 1 | +4.3574 | 0.9500
256 | +4.8867 | 1 | +4.3816 | 0.9500
257 | +3.7298 | 1 | +4.4501 | 1.0000
258 | +3.8132 | 1 | +4.4192 | 1.0000
259 | +4.8517 | 1 | +4.4507 | 1.0000
260 | +5.3254 | 1 | +4.5426 | 1.0000
261 | +3.2240 | 1 | +4.4823 | 1.0000
262 | +4.0102 | 1 | +4.4539 | 1.0000
263 | +1.7965 | 0 | +4.3612 | 0.9500
264 | +3.4327 | 1 | +4.3068 | 0.9500
265 | +5.4125 | 1 | +4.3692 | 0.9500
266 | +5.1008 | 1 | +4.3750 | 0.9500
267 | +4.2400 | 1 | +4.3671 | 0.9500
268 | +1.5422 | 0 | +4.2143 | 0.9000
269 | +4.9952 | 1 | +4.2387 | 0.9000
270 | +3.8455 | 1 | +4.2176 | 0.9000
271 | +3.5850 | 1 | +4.1965 | 0.9000
272 | +2.8872 | 0 | +4.1146 | 0.8500
273 | +4.7108 | 1 | +4.0864 | 0.8500
274 | +1.1206 | 0 | +3.8907 | 0.8000
275 | +1.6489 | 0 | +3.7080 | 0.7500
276 | +1.5584 | 0 | +3.5415 | 0.7000
277 | +5.0437 | 1 | +3.6072 | 0.7000
278 | +3.5738 | 1 | +3.5953 | 0.7000
279 | +5.1164 | 1 | +3.6085 | 0.7000
280 | +3.6220 | 1 | +3.5233 | 0.7000
281 | +4.5885 | 1 | +3.5916 | 0.7000
282 | +4.2878 | 1 | +3.6054 | 0.7000
283 | +3.5182 | 1 | +3.6915 | 0.7500
284 | +2.8081 | 0 | +3.6603 | 0.7000
285 | +4.1180 | 1 | +3.5956 | 0.7000
286 | +3.8692 | 1 | +3.5340 | 0.7000
287 | +3.8561 | 1 | +3.5148 | 0.7000
288 | +4.8363 | 1 | +3.6795 | 0.7500
289 | +4.1461 | 1 | +3.6370 | 0.7500
290 | +4.4036 | 1 | +3.6649 | 0.7500
291 | +4.7023 | 1 | +3.7208 | 0.7500
292 | +3.6664 | 1 | +3.7598 | 0.8000
293 | +3.6286 | 1 | +3.7057 | 0.8000
294 | +4.4424 | 1 | +3.8717 | 0.8500
295 | +4.5479 | 1 | +4.0167 | 0.9000
296 | +3.5557 | 1 | +4.1166 | 0.9500
297 | +4.8595 | 1 | +4.1073 | 0.9500
298 | +4.5151 | 1 | +4.1544 | 0.9500
299 | +3.9468 | 1 | +4.0959 | 0.9500
300 | +5.3989 | 1 | +4.1848 | 0.9500
301 | +5.2019 | 1 | +4.2154 | 0.9500
302 | +4.3560 | 1 | +4.2188 | 0.9500
303 | +3.9707 | 1 | +4.2415 | 0.9500
304 | +4.3142 | 1 | +4.3168 | 1.0000
305 | +5.2777 | 1 | +4.3748 | 1.0000
306 | +3.9461 | 1 | +4.3786 | 1.0000
307 | +4.0358 | 1 | +4.3876 | 1.0000
308 | +4.1910 | 1 | +4.3553 | 1.0000
309 | +1.6721 | 0 | +4.2316 | 0.9500
310 | +3.9198 | 1 | +4.2074 | 0.9500
311 | +2.6396 | 0 | +4.1043 | 0.9000
312 | +2.5743 | 0 | +4.0497 | 0.8500
313 | +2.0530 | 0 | +3.9709 | 0.8000
314 | +5.0092 | 1 | +3.9993 | 0.8000
315 | +4.4172 | 1 | +3.9927 | 0.8000
316 | +3.3451 | 1 | +3.9822 | 0.8000
317 | +2.5989 | 0 | +3.8692 | 0.7500
318 | +4.7573 | 1 | +3.8813 | 0.7500
319 | +4.9221 | 1 | +3.9300 | 0.7500
320 | +4.1757 | 1 | +3.8689 | 0.7500